0
1
4
5
7
8
10
11
13
17
18
19
21
22
23
25
26
27
32
33
34
35
40
41
42
43
44
46
48
50
51
52
53
55
56
57
58
59
88
90
91
92
93
94
95
101
102
103
105
116
118
120
121
122
124
138
139
148
156
172
173
174
175
192
195
196
197
198
199
206
207
212
215
216
218
219
223
224
225
226
227
229
230
231
233
234
235
237
239
240
241
242
243
244
245
247
248
249
250
251
252
253
254
256
257
258
259
264
265
266
268
274
277
278
279
280
281
282
283
284
285
286
287
288
289
290
291
292
293
294
295
296
297
298
299
300
301
302
303
304
305
307
308
309
310
311
314
315
320
324
329
331
332
337
338
339
340
344
346
347
352
354
355
356
359
360
361
382
386
387
390
391
403
404
405
406
407
424
425
426
427
448
449
450
451
456
457
458
459
460
461
462
464
465
467
481
484
485
486
493
497
524
525
528
529
532
533
536
537
538
539
544
545
546
547
552
553
554
555
560
561
562
563
564
565
567
568
570
571
573
588
589
596
597
598
599
612
613
614
615
620
621
622
623
632
633
635
636
640
641
642
643
648
649
650
651
652
653
655
656
657
658
659
660
666
667
668
671
673
674
675
680
683
698
701
708
712
713
715
716
717
718
719
720
741
742
745
748
753
755
757
760
761
762
763
764
765
766
768
769
770
771
776
784
804
805
816
817
820
821
823
824
826
827
828
829
830
831
832
833
834
837
838
839
840
841
842
843
844
852
853
854
855
856
857
859
860
861
864
865
866
867
868
869
870
871
872
873
874
875
876
877
878
879
880
881
884
888
889
897
903
908
909
910
911
925
926
927
934
935
942
943
948
950
952
953
954
955
968
969
970
971
974
977
978
979
981
982
983
984
985
986
987
994
997
1003
1007
1008
1009
1010
1011
1012
1013
1014
1015
1024
1025
1026
1028
1029
1030
1031
1036
1037
1039
1044
1047
1048
1049
1056
1057
1058
1061
1065
1067
1073
1074
1075
1080
1081
1082
1083
1089
1095
1160
1161
1163
1165
1170
1172
1176
1177
1178
1179
1184
1185
1186
1187
1189
1193
1194
1204
1206
1220
1221
1226
1227
1228
1230
1231
1236
1237
1238
1239
1240
1241
1242
1243
1244
1245
1246
1247
1259
1280
1281
1282
1283
1295
1296
1299
1301
1341
1352
1353
1356
1358
1360
1361
1363
1367
1368
1369
1370
1371
1372
1374
1375
1376
1380
1384
1385
1386
1387
1388
1389
1390
1392
1393
1394
1396
1397
1398
1400
1401
1402
1403
1406
1409
1410
1411
1421
1441
1444
1445
1447
1454
1461
1462
1466
1467
1469
1472
1473
1474
1480
1481
1483
1485
1488
1490
1491
1492
1493
1494
1495
1496
1497
1498
1499
1500
1501
1503
1504
1505
1506
1507
1508
1512
1513
1527
1540
1541
1546
1550
1552
1553
1556
1558
1577
1579
1580
1583
1585
1594
1597
1599
1600
1601
1602
1603
1604
1605
1606
1609
1612
1613
1615
1653
1660
1662
1677
1678
1679
1680
1681
1682
1683
1685
1688
1689
1690
1691
1692
1693
1696
1697
1698
1699
1700
1701
1702
1703
1704
1705
1706
1707
1709
1712
1713
1714
1715
1716
1717
1718
1719
1720
1721
1722
1723
1738
1740
1741
1742
1743
1748
1749
1750
1751
1752
1753
1754
1755
1756
1757
1758
1759
1762
1764
1765
1766
1767
1768
1775
1780
1781
1783
1784
1785
1786
1787
1789
1792
1793
1794
1795
1796
1797
1800
1801
1802
1803
1805
1806
1807
1808
1809
1810
1811
1812
1813
1814
1815
1816
1817
1818
1819
1824
1825
1826
1827
